500 0.44465663307346404
510 0.4396052489755675
520 0.4520057050976902
530 0.45557152200490236
540 0.45805190003011376
550 0.46330836799461395
560 0.47509338695090264
570 0.47854431299492717
580 0.48515350092202425
590 0.4872787219937891
600 0.5036653490969911
610 0.49369702208787203
620 0.5007369170198217
630 0.517346401931718
640 0.5150608950061724
650 0.5227084170328453
660 0.5264975159661844
670 0.5306339180096984
680 0.5345885719871148
690 0.5463425990892574
700 0.5591324840206653
710 0.5489457070361823
720 0.5578213300323114
730 0.5694574250373989
740 0.5704971249215305
750 0.574612619006075
760 0.5783634770195931
770 0.5890112200286239
780 0.5942191369831562
790 0.59519523603376
800 0.6737350579351187
810 0.617174744955264
820 0.6318278149701655
830 0.634415123029612
840 0.6357555789873004
850 0.6424067699117586
860 0.6535643949173391
870 0.6544918190920725
880 0.6629491338972002
890 0.6692064589587972
900 0.6766006050165743
910 0.6883926260052249
920 0.6884193909354508
930 0.6927800350822508
940 0.6998643688857555
950 0.7099779839627445
960 0.7072762610623613
970 0.7132594810100272
980 0.7209053459810093
990 0.7323613079497591
1000 0.7342586820013821
