0 0.21983525999530684
10 0.6799951399880229
20 1.0533640119974734
30 1.4563150699977996
40 1.826419558012276
50 2.2375032609998016
60 2.6243447070010006
70 3.009104039010708
80 3.3563503659970593
90 3.7699531460093567
100 4.1209243230114225
110 4.753774683005759
120 5.420805007001036
130 5.830313981001382
140 6.086042454990093
150 6.63942986400798
160 7.712794467995991
170 8.175109203002648
180 8.705328919997555
190 9.575077243993292
200 10.448863120996975
210 11.506570631987415
220 12.761861745006172
230 13.647163849993376
240 14.937281061997055
250 15.991384915003437
260 17.37818195699947
270 18.76855218000128
280 20.524561926999013
290 21.919441634003306
300 23.27901039599965
310 25.116848040008335
320 26.88378917099908
330 28.68450958300673
340 31.041425875009736
350 34.041812825002125
360 35.853292890999
370 37.63565087701136
380 39.69058332599525
390 42.43002656499448
400 43.8967175459984
410 45.923517664996325
420 48.7483977029915
430 51.97317415100406
440 53.5748801860027
450 57.30050984599802
460 59.738434844999574
470 61.216721835007775
480 64.65944619500078
490 70.40088924199517
500 71.71061150199967
510 73.33580020700174
520 76.43537309599924
530 84.29040821599483
540 83.1649913170113
550 87.1707402930042
560 91.46100770200428
570 93.8735884130001
580 96.6497876009962
590 99.59425126599672
600 101.97642188899044
610 107.65081501301029
620 111.22452751899255
