500 22.852071285014972
510 24.09969258494675
520 25.035179412923753
530 31.407648909138516
540 29.54197835107334
550 30.418083803961053
560 30.46753140888177
570 31.178970580920577
580 31.932663073996082
590 32.31220071995631
600 32.10409177420661
610 34.13183296890929
620 32.98561622109264
630 29.213524010963738
640 25.892144802957773
650 24.71259608794935
660 27.817391474032775
670 34.822335317963734
680 28.038615988800302
690 28.902043018955737
700 28.39457658608444
710 27.741819796152413
720 29.096944496035576
730 31.605051863007247
740 34.55207068915479
750 32.349521207856014
760 31.197344560176134
770 33.566291437949985
780 31.90644609206356
790 30.66400425788015
800 39.91700193914585
810 41.03875738196075
820 34.29883681097999
830 30.52590109803714
840 32.20682850293815
850 34.248486418044195
860 31.297647837083787
870 31.975754790008068
880 32.6425986001268
890 32.415015135891736
900 33.71083764312789
910 34.05701396311633
920 34.47807121090591
930 34.34421361400746
940 34.893062631133944
950 35.359124476090074
960 34.91023573698476
970 37.62092896504328
980 39.52573592495173
990 48.837615467142314
