500 0.16213888302445412
510 0.16196719906292856
520 0.1602099579758942
530 0.16045160894282162
540 0.16581869299989194
550 0.1615299009718001
560 0.15713200706522912
570 0.15832097409293056
580 0.1581400550203398
590 0.15330546000041068
600 0.15672272094525397
610 0.1553276339545846
620 0.15555612102616578
630 0.1611490580253303
640 0.15579647000413388
650 0.15771119995042682
660 0.1586359729990363
670 0.15723159501794726
680 0.16217049991246313
690 0.16357457800768316
700 0.16240285197272897
710 0.1589295689482242
720 0.16878509998787194
730 0.15880143106915057
740 0.1596474420512095
750 0.16128786699846387
760 0.15942816308233887
770 0.15967389789875597
780 0.16159771906677634
790 0.15741190302651376
800 0.15777369192801416
810 0.16716904495842755
820 0.15910541801713407
830 0.16049067804124206
840 0.16093562298920006
850 0.15987233305349946
860 0.16000416001770645
870 0.15995409700553864
880 0.16100364900194108
890 0.17109279602300376
900 0.1605452731018886
910 0.16012651403434575
920 0.16228473000228405
930 0.16118397505488247
940 0.16156802501063794
950 0.1615510699339211
960 0.16297325503546745
970 0.17155846196692437
980 0.16330730298068374
990 0.16161144897341728
1000 0.16229668899904937
